-67.96843  49.03703
-67.24621  49.19976
-64.98496  49.63547
-64.30974  49.43756
-64.0415   49.28443
-63.94369  48.94579
-63.82034  49.22774
-64.66225  49.71565
-64.79648  49.76553
-64.72664  49.65214
-65.51635  49.39445
-65.786    49.67624
-65.88525  49.77344
-66.96974  49.56078
-66.72377  49.52933
-66.9113   49.56075
-66.9417   49.52727
-66.62322  49.8248 
-66.47227  48.64328
-65.09919  49.25864
-65.04718  49.23472
-64.03665  48.97159
-63.99995  49.03815
-63.55649  48.96277
-63.80963  48.72084
-63.89433  48.29621
-62.92736  46.48581
-59.78452  46.21773
-59.04248  45.2988 
-60.79351  43.80468
-60.98804  43.44503
-60.15622  39.75861
-58.77203  36.92999
-59.08722  36.42147
-59.62591  35.68902
-60.53146  34.48773
-61.3864   37.44764
-61.93905  38.09714
-61.50884  39.63828
-62.18646  40.06011
-60.65748  42.63248
-59.49318  43.58841
-59.06425  44.10881
-60.41906  44.44322
-60.13857  45.59561
-60.04621  45.47981
-59.70578  46.14573
-60.1774   47.17779
-60.72716  47.84291
-62.94886  48.72036
-62.94734  48.56936
-63.12253  48.43909
-62.51315  49.05746
-62.74248  49.05649
